1  1 4.0 4.1 3.6 3.1
1  2 4.2 3.7 4.8 5.2
1  3 4.3 4.3 4.5 5.4
1  4 4.2 4.6 5.3 4.9
1  5 4.6 5.3 5.9 5.3
1  6 3.1 4.9 5.3 4.1
1  7 3.7 3.9 5.2 4.2
1  8 4.3 4.4 5.6 4.7
1  9 4.6 4.4 5.4 5.6
2 10 3.2 3.8 4.4 3.7
2 11 3.3 3.4 3.7 3.7
2 12 3.1 3.2 3.2 3.1
2 13 3.6 3.5 4.9 4.4
2 14 4.5 5.4 4.9 4.0
2 15 3.7 4.4 4.6 5.4
2 16 3.5 5.8 4.9 5.6
2 17 3.9 4.1 5.4 3.9
3 18 3.1 3.5 3.0 3.2
3 19 3.3 3.6 3.7 4.4
3 20 3.5 4.7 3.9 3.5
3 21 3.4 3.5 3.4 3.4
3 22 3.7 4.2 3.6 3.7
3 23 4.0 4.8 5.4 4.8
3 24 4.2 4.5 3.9 3.7
3 25 4.1 3.7 4.1 4.7
3 26 3.5 3.6 4.8 5.0
4 27 3.4 3.5 3.1 3.3
4 28 3.0 3.0 3.1 3.1
4 29 3.0 3.2 3.3 3.0
4 30 3.1 3.2 3.3 3.1
4 31 3.8 4.0 3.5 3.4
4 32 3.0 3.2 3.0 3.0
4 33 3.3 3.3 3.6 3.1
4 34 4.2 4.2 4.2 4.0
4 35 4.1 4.3 4.2 4.2
4 36 4.5 4.3 5.3 4.4
